MicroPac
false
16
000000
0000D8
D80000
D800D8
00D800
00D8D8
D8D800
D8D8D8
000000
0000FF
FF0000
FF00FF
00FF00
00FFFF
FFFF00
FFFFFF
16
0
1
2
3
4
5
6
7
8
9
10
11
12
13
14
15
8
8
256
1
0
1
1
1
1
1
1
0
1
1
0
0
0
0
1
1
1
0
0
1
1
0
0
1
1
0
1
0
0
1
0
1
1
0
1
0
0
1
0
1
1
0
0
1
1
0
0
1
1
1
0
0
0
0
1
1
0
1
1
1
1
1
1
0
16
16
256
10
0
0
0
0
0
0
14
14
14
14
0
0
0
0
0
0
0
0
0
0
14
14
14
14
14
14
14
14
0
0
0
0
0
0
0
14
14
14
14
14
14
14
14
14
14
0
0
0
0
0
14
14
14
14
14
14
14
14
14
14
14
14
0
0
0
14
14
14
14
14
14
14
14
14
14
14
14
14
14
0
0
14
14
14
14
14
14
14
14
14
14
14
14
14
14
0
14
14
14
14
14
14
14
0
0
14
14
14
14
14
14
14
14
14
14
14
14
14
14
0
0
14
14
14
14
14
14
14
14
14
14
14
14
14
14
0
0
14
14
14
14
14
14
14
14
14
14
14
14
14
0
0
0
0
14
14
14
14
14
14
0
14
14
14
14
14
0
0
0
0
14
14
14
14
14
0
0
14
14
14
14
14
0
0
0
0
14
14
14
14
14
0
0
0
14
14
14
0
0
0
0
0
0
14
14
14
0
0
0
0
0
14
14
0
0
0
0
0
0
14
14
0
0
0
0
0
0
0
14
0
0
0
0
0
0
14
0
0
0
0
0
0
0
0
0
0
0
0
0
0
0
0
0
0
0
0
0
0
0
0
0
0
14
14
14
14
0
0
0
0
0
0
0
0
0
0
14
14
14
14
14
14
14
14
0
0
0
0
0
0
0
14
14
14
14
14
14
14
14
14
14
0
0
0
0
0
14
14
14
14
14
14
14
14
14
14
14
14
0
0
0
14
14
14
14
14
14
14
14
14
14
14
14
14
14
0
0
14
14
14
14
14
14
14
14
14
14
14
14
14
14
0
14
14
14
14
14
14
14
14
14
14
14
14
14
14
14
14
14
14
14
14
14
14
14
14
14
14
14
14
14
14
14
14
14
14
14
14
14
14
14
14
14
14
14
14
14
14
14
14
14
14
14
14
14
14
14
0
0
14
14
14
14
14
14
14
0
14
14
14
14
14
14
0
0
14
14
14
14
14
14
0
0
14
14
14
14
14
14
0
0
14
14
14
14
14
14
0
0
0
14
14
14
14
0
0
0
0
14
14
14
14
0
0
0
0
0
14
14
14
0
0
0
0
14
14
14
0
0
0
0
0
0
0
14
14
0
0
0
0
14
14
0
0
0
0
0
0
0
0
0
0
0
0
0
0
0
0
0
0
0
0
0
0
0
0
0
0
14
14
14
14
0
0
0
0
0
0
0
0
0
0
14
14
14
14
14
14
14
14
0
0
0
0
0
0
0
14
14
14
14
14
14
14
14
14
14
0
0
0
0
0
14
14
14
14
14
14
14
14
14
14
14
14
0
0
0
14
14
14
14
14
14
14
14
14
14
14
14
14
14
0
0
14
14
14
14
14
14
14
14
14
14
14
14
14
14
0
14
14
14
14
14
14
14
14
14
14
14
14
14
14
14
14
14
14
14
14
14
14
14
14
14
14
14
14
14
14
14
14
14
14
14
14
14
14
14
14
14
14
14
14
14
14
14
14
14
14
14
14
14
14
14
14
14
14
14
14
14
14
14
14
0
14
14
14
14
14
14
14
14
14
14
14
14
14
14
0
0
14
14
14
14
14
14
14
14
14
14
14
14
14
14
0
0
0
14
14
14
14
14
14
14
14
14
14
14
14
0
0
0
0
0
14
14
14
14
14
14
14
14
14
14
0
0
0
0
0
0
0
14
14
14
14
14
14
14
14
0
0
0
0
0
0
0
0
0
0
14
14
14
14
0
0
0
0
0
0
0
0
0
0
0
0
14
14
14
14
0
0
0
0
0
0
0
0
0
0
14
14
14
14
14
14
14
14
0
0
0
0
0
0
0
14
14
14
14
14
14
14
14
14
14
0
0
0
0
0
14
14
14
14
14
14
14
14
14
14
14
14
0
0
0
14
14
14
14
14
14
14
14
14
14
14
14
14
14
0
0
14
14
14
14
14
14
14
14
14
14
14
14
14
14
0
14
14
14
14
14
14
14
14
14
14
14
14
14
14
14
14
14
14
14
14
14
14
14
14
14
14
14
14
14
14
14
14
14
14
14
14
14
14
14
0
0
14
14
14
14
14
14
14
14
14
14
14
14
14
14
0
0
14
14
14
14
14
14
14
0
14
14
14
14
14
0
0
0
0
14
14
14
14
14
0
0
14
14
14
14
14
0
0
0
0
14
14
14
14
14
0
0
0
14
14
14
14
0
0
0
0
14
14
14
14
0
0
0
0
0
14
14
0
0
0
0
0
0
14
14
0
0
0
0
0
0
0
14
0
0
0
0
0
0
14
0
0
0
0
0
0
0
0
0
0
0
0
0
0
0
0
0
0
0
0
0
0
0
0
0
0
14
14
14
14
0
0
0
0
0
0
0
0
0
0
14
14
14
14
14
14
14
14
0
0
0
0
0
0
0
14
14
14
14
14
14
14
14
14
14
0
0
0
0
0
14
14
14
14
14
14
14
14
14
14
14
14
0
0
0
14
14
14
14
14
14
14
14
14
14
14
14
14
14
0
0
14
14
14
14
14
14
14
14
14
14
14
14
14
14
0
14
14
14
14
14
14
14
14
14
14
14
14
14
14
14
14
14
14
14
14
14
14
14
14
14
14
14
14
14
14
14
14
14
14
14
14
0
0
0
0
0
0
0
0
14
14
14
14
0
0
0
0
0
0
0
0
0
0
0
0
0
0
0
0
0
0
0
0
0
0
0
0
0
0
0
0
0
0
0
0
0
0
0
0
0
0
0
0
0
0
0
0
0
0
0
0
0
0
0
0
0
0
0
0
0
0
0
0
0
0
0
0
0
0
0
0
0
0
0
0
0
0
0
0
0
0
0
0
0
0
0
0
0
0
0
0
0
0
0
0
0
0
0
0
0
0
0
0
0
0
0
0
0
0
0
0
0
0
0
0
0
0
0
0
0
0
14
14
14
14
0
0
0
0
0
0
0
0
0
0
14
14
14
14
14
14
14
14
0
0
0
0
0
0
0
14
14
14
14
14
14
14
14
14
14
0
0
0
0
0
0
14
14
14
14
14
14
14
14
14
14
0
0
0
0
0
0
0
14
14
14
14
14
14
14
14
0
0
0
0
0
0
0
0
0
14
14
14
14
14
14
0
0
0
0
0
0
0
0
0
0
0
14
14
14
14
0
0
0
0
0
0
0
0
0
0
0
0
0
14
14
0
0
0
0
0
0
0
0
0
0
0
0
0
0
0
0
0
0
0
0
0
0
0
0
0
0
0
0
0
0
0
0
0
0
0
0
0
0
0
0
0
0
0
0
0
0
0
0
0
0
0
0
0
0
0
0
0
0
0
0
0
0
0
0
0
0
0
0
0
0
0
0
0
0
0
0
0
0
0
0
0
0
0
0
0
0
0
0
0
0
0
0
0
0
0
0
0
0
0
0
0
0
0
0
0
0
0
0
0
0
0
0
0
0
0
0
0
0
0
0
0
0
0
0
0
0
0
0
0
0
0
0
0
0
0
0
0
0
0
0
0
14
14
14
14
0
0
0
0
0
0
0
0
0
0
0
0
14
14
14
14
0
0
0
0
0
0
0
0
0
0
0
0
14
14
14
14
0
0
0
0
0
0
0
0
0
0
0
0
0
14
14
0
0
0
0
0
0
0
0
0
0
0
0
0
0
14
14
0
0
0
0
0
0
0
0
0
0
0
0
0
0
14
14
0
0
0
0
0
0
0
0
0
0
0
0
0
0
14
14
0
0
0
0
0
0
0
0
0
0
0
0
0
0
14
14
0
0
0
0
0
0
0
0
0
0
0
0
0
0
14
14
0
0
0
0
0
0
0
0
0
0
0
0
0
0
0
0
0
0
0
0
0
0
0
0
0
0
0
0
0
0
0
0
0
0
0
0
0
0
0
0
0
0
0
0
0
0
0
0
0
0
0
0
0
0
0
0
0
0
0
0
0
0
0
0
0
0
0
0
0
0
0
0
0
0
0
0
0
0
0
0
0
0
0
0
0
0
0
0
0
0
0
0
0
0
0
0
0
0
0
0
0
0
0
0
0
0
0
0
0
0
0
0
0
0
0
0
0
0
0
0
0
0
0
0
0
0
0
0
0
0
0
0
0
0
0
0
0
0
0
0
0
0
0
14
0
0
0
0
0
0
0
0
0
0
0
0
0
0
0
14
0
0
0
0
0
0
0
0
0
0
14
0
0
0
0
14
0
0
0
14
0
0
0
0
0
0
0
14
0
0
0
14
0
0
14
0
0
0
0
0
0
0
0
0
14
0
0
14
0
14
0
0
0
0
0
0
0
0
0
0
0
0
0
0
0
0
0
0
0
0
0
0
14
14
14
14
14
0
0
0
0
0
0
0
0
0
0
0
0
0
0
0
0
0
0
0
0
14
14
14
14
14
0
0
0
0
0
0
0
0
0
0
0
0
0
0
0
0
0
0
0
0
0
0
14
0
14
0
0
14
0
0
0
0
0
0
0
0
0
14
0
0
14
0
0
0
14
0
0
0
0
0
0
0
14
0
0
0
14
0
0
0
0
14
0
0
0
0
0
0
0
0
0
0
14
0
0
0
0
0
0
0
0
0
0
0
0
0
0
0
14
0
0
0
0
0
0
0
0
0
0
0
0
0
0
0
0
0
0
0
0
0
0
0
0
0
0
0
0
0
0
0
0
0
0
0
0
0
0
0
0
0
0
0
0
0
0
0
0
0
0
0
0
0
0
0
0
0
0
0
0
0
0
0
0
0
0
0
0
0
0
0
0
0
0
0
0
0
0
0
0
0
0
0
0
0
0
0
0
0
0
0
0
0
0
0
0
0
0
0
0
0
0
0
0
0
0
0
0
0
0
0
0
0
0
0
0
0
0
0
0
0
0
0
0
0
0
0
15
15
0
0
0
0
0
0
0
0
0
0
0
0
0
15
15
15
15
0
0
0
0
0
0
0
0
0
0
0
0
15
15
15
15
0
0
0
0
0
0
0
0
0
0
0
0
0
15
15
0
0
0
0
0
0
0
0
0
0
0
0
0
0
0
0
0
0
0
0
0
0
0
0
0
0
0
0
0
0
0
0
0
0
0
0
0
0
0
0
0
0
0
0
0
0
0
0
0
0
0
0
0
0
0
0
0
0
0
0
0
0
0
0
0
0
0
0
0
0
0
0
0
0
0
0
0
0
0
0
0
0
0
0
0
0
0
0
0
0
0
0
0
0
0
0
0
0
0
0
0
0
0
0
0
0
0
0
0
0
0
0
10
10
10
10
10
10
10
0
0
0
0
0
10
10
10
10
10
10
10
10
10
10
10
0
0
0
10
10
10
10
10
10
10
10
10
10
10
10
0
0
0
10
10
10
10
10
10
10
10
10
10
10
10
10
0
0
10
10
10
10
0
0
10
10
0
0
10
10
10
10
10
0
10
10
10
0
10
0
10
10
0
0
10
10
10
10
10
10
10
10
10
0
0
0
10
10
0
0
10
10
10
10
0
10
10
10
10
10
10
10
10
10
0
10
10
10
10
10
10
10
10
10
10
10
10
10
10
10
0
10
10
10
10
10
10
10
10
10
10
0
0
0
10
10
0
0
10
10
10
10
0
0
10
10
10
0
10
0
10
10
0
0
10
10
10
10
10
0
10
10
10
10
0
0
10
10
0
0
10
10
10
10
10
0
0
10
10
10
10
10
10
10
10
10
10
10
10
10
0
0
0
0
10
10
10
10
10
10
10
10
10
10
10
10
0
0
0
0
0
0
10
10
10
10
10
10
10
10
10
10
10
0
0
0
0
0
0
0
0
0
10
10
10
10
10
10
10
256
5
1
1
4
1
2
3
2
5
4
5
6
7
8
1
9
1
10
true
1
1
true
1
4
false
0
0
true
1
1
true
1
1
256
3
1
name
maze & chase
idle
1
die
3
move
2
END
3
name
points
idle
4
bonus
10
END
2
name
seek
idle
5
walking
5
fire
0
END
256
1
1
1
14
22
1
1
1
1
1
1
1
1
1
1
1
1
1
1
1
1
1
1
1
1
1
1
1
0
0
0
0
0
0
0
0
0
0
0
0
0
0
0
0
0
0
0
0
1
1
0
0
0
0
0
0
0
0
0
0
0
0
0
0
0
0
0
0
0
0
1
1
0
0
1
1
1
0
0
1
1
1
1
1
1
0
0
1
1
1
0
0
1
1
0
0
1
0
0
0
0
0
0
1
1
0
0
0
0
0
0
1
0
0
1
1
0
0
1
0
0
0
0
0
0
1
1
0
0
0
0
0
0
1
0
0
1
1
0
0
0
0
0
1
1
0
0
0
0
0
0
1
1
0
0
0
0
0
1
1
0
0
0
0
0
1
1
0
0
0
0
0
0
1
1
0
0
0
0
0
1
1
0
0
1
0
0
0
0
0
0
1
1
0
0
0
0
0
0
1
0
0
1
1
0
0
1
0
0
0
0
0
0
1
1
0
0
0
0
0
0
1
0
0
1
1
0
0
1
1
1
0
0
1
1
1
1
1
1
0
0
1
1
1
0
0
1
1
0
0
0
0
0
0
0
0
0
0
0
0
0
0
0
0
0
0
0
0
1
1
0
0
0
0
0
0
0
0
0
0
0
0
0
0
0
0
0
0
0
0
1
1
1
1
1
1
1
1
1
1
1
1
1
1
1
1
1
1
1
1
1
1
1
44
1
48
152
48
86
2
1
nil
nil
2
24
8
24
8
4
1
nil
nil
2
40
8
40
8
4
1
nil
nil
2
56
8
56
8
4
1
nil
nil
2
72
8
72
8
4
1
nil
nil
2
8
24
8
24
4
1
nil
nil
2
8
40
8
40
4
1
nil
nil
2
8
56
8
56
4
1
nil
nil
2
8
72
8
72
4
1
nil
nil
2
8
88
8
88
4
1
nil
nil
2
8
104
8
104
4
1
nil
nil
2
8
120
8
120
4
1
nil
nil
2
8
136
8
136
4
1
nil
nil
2
8
152
8
152
4
1
nil
nil
2
24
152
24
152
4
1
nil
nil
2
88
152
88
152
4
1
nil
nil
2
72
152
72
152
4
1
nil
nil
2
88
136
88
136
4
1
nil
nil
2
88
120
88
120
4
1
nil
nil
2
88
104
88
104
4
1
nil
nil
2
88
88
88
88
4
1
nil
nil
2
88
72
88
72
4
1
nil
nil
2
88
56
88
56
4
1
nil
nil
2
88
40
88
40
4
1
nil
nil
2
88
24
88
24
4
1
nil
nil
2
32
48
32
48
4
1
nil
nil
2
32
32
32
32
4
1
nil
nil
2
48
32
48
32
4
1
nil
nil
2
64
32
64
32
4
1
nil
nil
2
64
48
64
48
4
1
nil
nil
2
64
64
64
64
4
1
nil
nil
2
48
64
48
64
4
1
nil
nil
2
32
64
32
64
4
1
nil
nil
2
48
80
48
80
4
1
nil
nil
2
48
96
48
96
4
1
nil
nil
2
32
96
32
96
4
1
nil
nil
2
32
112
32
112
4
1
nil
nil
2
32
128
32
128
4
1
nil
nil
2
48
128
48
128
4
1
nil
nil
2
64
128
64
128
4
1
nil
nil
2
64
112
64
112
4
1
nil
nil
2
64
96
64
96
4
1
nil
nil
3
8
8
8
8
5
1
false
false
3
88
8
88
8
5
1
false
false
false
2
2
256
192
false
1
0
0
1
1
8
8
112
176
126
8
120
8
126
24
120
8
126
40
120
8
ZX_Spectrum.ttf
wall
0
0
3
3
10
2
1
1
4
false
false
true
8
10
true
-
-
-
-
-
-
-
-
