Kurgan
true
27
000000
000080
0000FF
800000
800080
8000FF
FF0000
FF0080
FF00FF
008000
008080
0080FF
808000
808080
8080FF
FF8000
FF8080
FF80FF
00FF00
00FF80
00FFFF
80FF00
80FF80
80FFFF
FFFF00
FFFF80
FFFFFF
16
0
26
13
3
6
16
15
24
9
18
1
2
11
20
4
14
4
8
256
9
10
10
10
10
10
10
10
10
10
10
10
10
10
10
10
10
10
10
10
10
10
10
10
10
10
10
10
10
10
10
10
10
3
6
7
6
3
3
3
3
3
6
6
3
3
6
6
3
3
3
3
3
6
7
6
6
3
6
6
3
3
6
6
3
7
9
9
8
9
8
8
10
7
7
9
9
8
8
10
10
7
9
9
8
9
8
8
10
7
7
9
9
8
8
10
10
3
4
3
4
3
4
3
4
3
4
3
3
3
4
3
3
3
3
3
4
3
3
3
4
3
4
3
4
3
4
3
4
10
11
12
11
10
10
10
10
10
11
11
10
10
11
11
10
10
10
10
10
11
12
11
11
10
11
11
10
10
11
11
10
8
9
8
9
6
3
3
10
8
8
9
6
6
6
3
3
8
9
6
6
3
3
10
10
8
8
9
6
6
3
3
10
2
2
2
2
2
2
2
2
2
0
2
0
2
0
2
0
2
0
2
0
2
0
2
0
2
0
2
0
2
0
2
0
2
0
2
0
2
0
2
0
2
0
2
0
2
0
2
0
2
0
2
0
2
0
2
0
2
2
2
2
2
2
2
2
0
0
0
0
10
10
10
10
0
0
0
0
10
10
10
10
0
0
0
0
10
10
10
10
0
0
0
0
10
10
10
10
8
16
256
14
0
2
2
2
2
2
2
2
2
2
3
3
0
0
0
3
0
0
0
0
0
7
7
0
5
5
0
0
0
0
5
3
0
7
7
7
7
7
7
5
5
5
5
3
5
5
5
3
7
7
5
5
5
5
2
5
3
5
5
3
3
5
0
0
7
5
5
5
5
5
2
5
5
5
5
3
3
3
0
0
7
5
11
5
5
5
0
5
3
5
5
3
3
3
5
3
0
0
0
5
0
0
0
0
5
5
0
0
0
0
5
3
0
0
0
0
0
0
0
0
0
0
3
3
0
0
0
3
2
2
2
2
2
2
2
2
2
3
3
0
0
0
0
3
0
0
0
0
0
7
7
5
5
0
0
0
0
0
5
3
0
7
7
7
7
7
7
5
5
5
5
3
5
5
5
3
7
7
5
5
5
5
2
5
3
5
5
3
3
5
0
0
7
5
5
5
5
5
2
5
5
5
5
3
3
3
0
0
7
5
11
5
5
5
0
5
3
5
5
3
3
3
5
3
0
0
0
5
0
0
0
5
5
0
0
0
0
0
5
3
0
0
0
0
0
0
0
0
0
3
3
0
0
0
0
3
0
2
2
2
2
2
2
2
2
2
3
3
0
0
0
0
0
0
0
0
0
7
7
0
5
5
0
0
0
0
0
0
0
7
7
7
7
7
7
5
5
5
5
3
5
5
5
3
7
7
5
5
5
5
2
5
3
5
5
3
3
5
5
3
7
5
5
5
5
5
2
5
5
5
5
3
3
3
5
3
7
5
11
5
5
5
0
5
3
5
5
3
3
3
5
3
0
0
0
5
0
0
0
0
5
5
0
0
0
0
0
3
0
0
0
0
0
0
0
0
0
0
3
3
0
0
0
0
2
2
2
2
2
2
2
2
2
3
3
0
0
3
0
0
0
0
0
0
0
7
7
5
5
0
0
0
5
5
3
0
0
7
7
7
7
7
7
5
5
5
5
3
5
5
5
3
7
7
5
5
5
5
2
5
3
5
5
3
3
5
0
3
7
5
5
5
5
5
2
5
5
5
5
3
3
3
0
0
7
5
11
5
5
5
0
5
3
5
5
3
3
3
5
3
0
0
0
5
0
0
0
5
5
0
0
0
0
5
5
3
0
0
0
0
0
0
0
0
0
3
3
0
0
0
5
3
0
0
2
3
3
0
0
0
0
0
0
0
0
0
0
0
0
0
2
0
0
5
5
0
0
0
0
0
0
0
0
0
0
7
2
7
7
7
7
5
5
5
5
3
3
5
3
0
7
7
2
7
7
7
7
7
5
5
5
3
3
3
3
0
7
7
2
7
7
7
7
7
5
5
5
3
3
3
5
3
0
7
2
7
7
7
7
5
5
5
5
3
3
5
5
3
0
0
0
0
0
0
0
5
5
0
0
0
0
0
0
0
0
0
0
0
0
3
3
0
0
0
0
0
0
0
0
0
0
0
0
0
2
3
3
0
0
0
0
0
0
0
0
0
0
0
0
0
2
0
0
5
5
0
0
0
0
0
0
0
0
7
7
7
2
7
7
5
5
5
5
3
3
5
5
3
7
7
7
7
2
7
7
7
5
5
5
3
3
3
5
3
7
7
7
7
2
7
7
7
5
5
5
3
3
3
3
0
0
7
7
7
2
7
7
5
5
5
5
3
3
5
3
0
0
0
0
0
0
5
5
0
0
0
0
0
0
0
0
0
0
0
0
3
3
0
0
0
0
0
0
0
0
0
0
0
0
0
0
0
0
0
0
0
0
0
0
0
0
0
0
3
0
0
0
0
0
7
7
0
5
5
3
0
0
0
5
3
0
7
7
7
7
7
7
5
5
2
3
3
5
5
5
3
7
7
5
5
5
5
2
5
3
2
3
3
3
5
0
0
7
5
5
5
5
5
2
5
2
5
3
3
3
3
0
0
7
5
11
5
1
5
0
5
2
5
5
3
3
3
5
3
0
0
0
5
0
0
0
2
0
0
0
0
0
0
5
3
0
0
0
0
0
0
0
2
0
0
0
0
0
0
0
3
0
0
0
0
0
0
0
0
0
0
0
0
0
0
0
3
0
0
0
0
0
7
7
0
0
0
0
0
0
0
5
3
0
7
7
7
7
7
7
5
5
5
5
3
5
5
5
3
7
7
5
5
5
5
2
5
3
5
5
3
3
5
0
0
7
5
5
5
5
5
2
5
5
3
3
3
3
3
0
0
7
5
11
5
1
5
0
5
3
2
3
3
3
3
5
3
0
0
0
5
0
2
2
2
2
3
0
0
0
0
5
3
0
2
2
2
2
0
0
0
0
0
0
0
0
0
0
3
0
0
0
0
0
0
0
0
0
0
1
3
0
0
0
3
0
0
0
0
0
7
7
0
1
5
0
0
0
0
5
3
0
7
7
7
7
7
7
5
5
5
5
3
5
5
5
3
7
1
5
5
5
5
2
1
3
1
5
3
3
1
0
0
7
5
5
1
5
1
2
1
5
1
5
3
3
3
0
0
7
5
11
5
1
1
0
5
3
5
5
3
3
3
5
3
0
0
0
5
0
0
0
0
1
1
0
0
0
0
5
3
0
0
0
0
0
0
0
0
0
0
1
3
0
0
0
3
0
0
0
0
0
0
0
0
0
0
1
1
0
0
0
1
0
0
0
0
0
0
0
0
1
1
0
0
0
0
1
1
0
0
0
0
0
0
0
0
1
0
0
1
0
1
1
1
0
1
1
1
1
1
2
1
0
1
0
1
1
1
1
0
1
1
1
1
1
1
2
1
0
1
0
1
1
1
1
0
1
1
0
1
0
1
0
0
1
0
0
1
0
1
1
1
0
0
0
0
0
0
0
0
1
1
0
0
0
0
1
1
0
0
0
0
0
0
0
0
0
0
1
1
0
0
0
1
0
0
0
0
0
0
0
0
0
0
0
0
0
0
0
1
0
0
0
0
0
0
0
0
0
0
0
0
1
1
1
0
0
0
0
0
0
0
0
0
0
0
0
1
1
0
1
1
0
0
0
0
0
0
0
0
0
0
0
1
1
1
0
1
0
0
0
0
0
0
0
0
0
0
0
1
1
1
0
1
0
0
0
0
0
0
0
0
0
0
0
0
1
1
1
0
0
0
0
0
0
0
0
0
0
0
0
0
0
0
0
1
0
0
0
0
0
0
0
0
0
0
0
0
0
0
0
0
0
0
0
0
0
0
0
0
0
0
0
0
0
0
0
1
0
0
0
0
0
0
0
0
0
0
0
0
0
0
1
1
0
0
0
0
0
0
0
0
0
0
0
0
0
0
1
1
0
0
0
0
0
0
0
0
0
0
0
0
0
0
0
1
0
0
0
0
0
0
0
0
0
0
0
0
0
0
0
1
0
0
0
0
0
0
0
0
0
0
0
0
0
0
1
1
0
0
0
0
0
0
0
0
0
0
0
0
0
0
0
1
0
0
0
0
0
0
0
0
0
0
0
0
0
0
1
1
0
0
0
0
8
8
8
8
0
0
0
0
0
8
8
8
0
0
8
8
8
11
13
11
8
8
8
1
8
9
8
0
0
8
9
9
8
9
11
11
8
8
8
1
8
9
9
8
8
9
9
9
8
9
9
9
9
9
8
8
9
9
8
0
8
9
9
9
8
9
9
9
8
9
9
9
9
9
9
8
0
8
9
9
9
9
8
9
9
9
9
9
8
9
8
0
0
0
8
8
9
9
9
9
9
8
9
9
9
9
9
8
0
0
0
0
8
8
8
8
8
8
8
8
8
8
8
0
0
0
0
0
8
8
8
8
0
0
0
0
0
8
8
0
0
0
8
8
8
11
13
11
8
8
1
1
8
9
8
8
0
8
9
9
8
9
11
11
8
8
1
1
8
9
9
0
8
9
9
9
8
9
9
9
9
9
8
8
9
9
8
8
8
9
9
9
8
9
9
9
8
9
9
9
9
9
9
0
0
8
9
9
9
9
8
9
9
9
9
9
8
9
8
8
0
0
8
8
9
9
9
9
9
8
9
9
9
9
9
0
0
0
0
0
8
8
8
8
8
8
8
8
8
8
8
8
256
7
2
1
2
2
2
3
1
4
2
5
6
3
7
8
7
4
9
10
11
12
2
13
14
true
1
2
true
1
2
true
1
1
true
1
2
false
0
0
false
0
0
true
1
2
256
2
1
walk
2
jump
3
hit
5
die
6
hflip
true
idle
1
climb
4
name
platformer
END
2
idle
7
name
static
END
256
1
1
1
24
16
0
0
0
0
0
0
0
0
0
0
0
0
0
0
0
0
0
0
0
0
0
0
0
0
0
0
0
0
0
0
0
0
0
0
0
0
0
0
0
0
0
0
0
0
0
0
0
0
0
0
0
0
0
0
0
0
0
0
0
0
0
0
0
0
0
0
0
0
0
0
0
0
0
0
0
0
0
0
0
0
0
0
0
0
0
0
0
0
0
0
0
0
0
0
0
0
0
0
0
0
0
0
0
0
0
0
0
0
0
0
0
0
0
0
0
0
0
0
0
0
0
0
0
0
0
0
0
0
0
0
0
0
0
0
0
0
0
0
0
0
0
0
0
0
0
0
0
0
0
0
0
0
0
0
0
0
0
0
0
0
0
0
0
0
0
0
0
0
0
0
0
0
0
0
0
0
0
0
0
0
0
0
0
0
0
0
0
0
0
0
0
0
0
0
0
0
0
0
0
0
0
0
0
0
0
0
0
0
0
0
0
0
0
0
0
0
0
0
0
0
0
0
0
0
0
0
0
0
0
0
0
0
0
0
0
0
0
0
0
0
0
0
0
0
0
0
0
0
0
0
0
0
0
0
0
0
0
0
0
0
0
0
0
0
0
0
0
0
0
0
0
0
0
0
0
0
0
0
0
0
0
0
0
0
0
0
0
0
0
0
0
0
0
0
0
0
0
0
0
0
0
0
0
0
0
0
0
0
0
0
0
0
0
0
0
0
0
0
0
0
0
0
0
0
0
0
0
0
0
0
0
0
0
0
0
0
0
0
0
0
0
0
0
0
0
0
0
0
0
0
0
0
0
0
0
0
0
0
0
0
0
0
0
0
0
0
0
0
0
0
0
0
0
0
0
0
0
0
0
0
0
0
0
0
1
0
nil
nil
0
0
0
0
nil
nil
true
16
16
160
200
true
3
0
4
7
12
4
9
false
4
8
96
128
104
8
36
8
104
24
36
8
104
40
36
8
104
56
36
8
CPCMode0.ttf
background
wall
death
wall
background
platform
stairs
stairs
background
0
0
3
2
2
1
1
2
1
true
false
false
8
10
false
intro.ogg
in_game.ogg
-
-
intro.png
-
-
-
